[cur_tm: 1] 0
( 1, 6) ( 0, 0) ( 0, 0) ( 0, 0) 
( 0, 0) ( 0, 0) ( 0, 0) ( 0, 0) 
( 0, 0) ( 0, 0) ( 0, 0) ( 0, 0) 
( 0, 0) ( 0, 0) ( 0, 0) ( 2, 6) 

[cur_tm: 2] 0
( 1, 6) ( 1, 7) ( 0, 0) ( 0, 0) 
( 0, 0) ( 0, 0) ( 0, 0) ( 0, 0) 
( 0, 0) ( 0, 0) ( 0, 0) ( 0, 0) 
( 0, 0) ( 0, 0) ( 2, 7) ( 2, 6) 

[cur_tm: 3] 0
( 1, 6) ( 1, 7) ( 1, 8) ( 0, 0) 
( 0, 0) ( 0, 0) ( 0, 0) ( 0, 0) 
( 0, 0) ( 0, 0) ( 0, 0) ( 0, 0) 
( 0, 0) ( 2, 8) ( 2, 7) ( 2, 6) 

[cur_tm: 4] 0
( 1, 6) ( 1, 7) ( 1, 8) ( 1, 9) 
( 0, 0) ( 0, 0) ( 0, 0) ( 0, 0) 
( 0, 0) ( 0, 0) ( 0, 0) ( 0, 0) 
( 2, 9) ( 2, 8) ( 2, 7) ( 2, 6) 

[cur_tm: 5] 0
( 1, 6) ( 1, 7) ( 1, 8) ( 1, 9) 
( 0, 0) ( 0, 0) ( 0, 0) ( 1,10) 
( 2,10) ( 0, 0) ( 0, 0) ( 0, 0) 
( 2, 9) ( 2, 8) ( 2, 7) ( 2, 6) 

[cur_tm: 6] 0
( 1, 6) ( 1, 7) ( 1, 8) ( 1, 9) 
( 2,11) ( 0, 0) ( 0, 0) ( 1,10) 
( 2,10) ( 0, 0) ( 0, 0) ( 1,11) 
( 2, 9) ( 2, 8) ( 2, 7) ( 2, 6) 

[cur_tm: 7] 0
( 1, 6) ( 1, 7) ( 1, 8) ( 1, 9) 
( 2,11) ( 2,12) ( 0, 0) ( 1,10) 
( 2,10) ( 0, 0) ( 1,12) ( 1,11) 
( 2, 9) ( 2, 8) ( 2, 7) ( 2, 6) 

[cur_tm: 8] 0
( 1, 6) ( 1, 7) ( 1, 8) ( 1, 9) 
( 2,11) ( 2,12) ( 2,13) ( 1,10) 
( 2,10) ( 1,13) ( 1,12) ( 1,11) 
( 2, 9) ( 2, 8) ( 2, 7) ( 2, 6) 

8
